142 127 172 162 139 -8.99 -0.78 -3.80 -0.11 -0.02 0.02
144 128 172 163 139 -8.91 -0.74 -3.81 -0.12 -0.02 0.01
143 128 173 163 139 -8.87 -0.78 -3.83 -0.12 -0.03 0.01
143 127 172 163 139 -9.00 -0.83 -3.94 -0.11 -0.02 0.01
144 128 172 163 140 -9.01 -0.86 -3.96 -0.10 -0.01 0.02
143 127 172 162 139 -9.06 -0.78 -3.84 -0.11 0.00 0.01
143 127 173 163 140 -8.95 -0.81 -3.91 -0.11 -0.02 0.03
144 128 173 163 140 -9.02 -0.82 -3.88 -0.10 0.01 0.04
143 127 172 162 139 -9.03 -0.76 -3.81 -0.11 -0.00 0.02
144 128 173 163 140 -9.05 -0.81 -3.82 -0.11 0.00 0.02
143 127 172 163 139 -9.05 -0.85 -3.80 -0.09 0.02 0.01
143 127 172 163 139 -9.05 -0.80 -3.88 -0.10 -0.02 0.02
144 128 173 163 140 -8.99 -0.77 -3.84 -0.12 -0.02 0.02
143 127 172 163 139 -8.94 -0.78 -3.79 -0.10 -0.01 0.02
144 128 172 163 140 -9.02 -0.77 -3.89 -0.11 -0.01 0.03
144 128 173 163 140 -8.98 -0.80 -3.87 -0.11 -0.00 0.02
143 127 172 162 139 -9.02 -0.75 -3.82 -0.12 -0.04 0.01
143 128 173 163 140 -9.00 -0.80 -3.89 -0.09 -0.01 0.00
144 128 172 162 140 -9.03 -0.80 -3.85 -0.09 -0.00 0.01
143 127 173 162 140 -8.94 -0.80 -3.82 -0.11 -0.02 0.03
144 128 173 163 140 -9.00 -0.82 -3.75 -0.10 -0.01 0.02
143 127 172 162 140 -9.01 -0.83 -3.87 -0.10 -0.01 0.02
143 127 172 163 140 -8.88 -0.74 -3.77 -0.11 -0.03 0.00
144 128 172 162 140 -8.95 -0.79 -3.86 -0.11 -0.02 0.01
143 127 172 162 139 -8.95 -0.75 -3.87 -0.12 -0.02 0.02
144 127 173 163 141 -8.90 -0.83 -3.85 -0.12 -0.02 0.01
143 127 172 162 140 -8.99 -0.80 -3.87 -0.10 -0.01 0.02
144 127 173 163 140 -9.03 -0.79 -3.90 -0.10 -0.02 0.02
144 128 173 163 140 -8.99 -0.79 -3.94 -0.09 -0.00 0.02
143 127 172 162 140 -9.03 -0.80 -3.82 -0.09 -0.00 0.02
144 128 173 162 140 -8.94 -0.84 -3.81 -0.11 -0.02 0.01
144 128 172 163 140 -8.92 -0.79 -3.87 -0.10 -0.01 0.01
143 127 172 162 139 -8.91 -0.79 -3.85 -0.10 -0.01 0.01
144 128 173 163 140 -8.92 -0.79 -3.84 -0.10 -0.01 0.01
144 127 172 163 140 -8.98 -0.84 -3.83 -0.10 -0.02 0.00
143 128 172 163 140 -8.97 -0.77 -3.82 -0.11 -0.03 0.01
144 127 173 163 140 -8.96 -0.81 -3.81 -0.12 -0.03 0.02
143 127 172 162 140 -8.96 -0.87 -3.84 -0.10 -0.02 0.01
143 128 173 163 140 -9.03 -0.82 -3.81 -0.11 -0.02 0.00
144 128 173 163 142 -8.96 -0.79 -3.84 -0.08 -0.00 0.02
144 127 172 162 140 -8.96 -0.91 -3.78 -0.10 -0.02 0.02
144 128 173 163 140 -8.94 -0.88 -3.91 -0.10 -0.01 0.01
143 127 172 163 140 -8.97 -0.84 -3.87 -0.08 -0.01 0.01
144 128 173 163 140 -9.04 -0.85 -3.80 -0.10 -0.02 0.02
144 128 173 163 141 -8.96 -0.84 -3.78 -0.11 -0.02 0.02
143 127 172 162 140 -8.94 -0.81 -3.93 -0.11 -0.02 0.02
144 128 173 163 140 -9.00 -0.80 -3.88 -0.11 -0.01 0.01
144 127 173 163 141 -9.17 -0.88 -3.93 -0.11 -0.01 0.01
144 127 172 163 140 -9.00 -0.87 -3.88 -0.09 -0.02 0.02
144 128 173 163 141 -8.90 -0.90 -3.84 -0.10 -0.02 0.01
143 127 172 163 141 -8.95 -0.89 -3.92 -0.09 -0.02 0.02
143 127 172 163 140 -9.05 -0.82 -3.84 -0.10 -0.02 0.02
144 128 173 163 141 -8.98 -0.85 -3.87 -0.08 -0.02 0.03
143 127 172 163 140 -9.00 -0.88 -3.84 -0.10 -0.01 0.02
144 127 173 163 141 -8.94 -0.90 -3.83 -0.09 -0.00 0.01
144 127 173 163 140 -8.99 -0.84 -3.80 -0.10 -0.02 0.02
144 127 172 163 140 -8.96 -0.86 -3.79 -0.12 -0.04 0.01
144 128 173 163 141 -8.86 -0.91 -3.91 -0.11 -0.03 0.02
144 127 173 163 141 -8.98 -0.87 -3.85 -0.10 -0.01 0.02
144 127 172 163 141 -9.05 -0.82 -3.80 -0.10 -0.02 0.02
144 128 173 163 141 -8.98 -0.86 -3.95 -0.12 -0.02 0.02
144 127 172 163 141 -9.00 -0.85 -3.91 -0.11 -0.02 0.02
144 128 173 163 141 -8.94 -0.91 -3.88 -0.11 -0.02 0.01
144 128 173 163 141 -9.07 -0.87 -3.85 -0.10 0.00 0.03
143 127 172 163 141 -8.91 -0.85 -3.81 -0.08 -0.01 0.03
144 128 173 163 141 -8.95 -0.89 -3.73 -0.11 -0.03 0.00
144 127 173 163 141 -9.05 -0.83 -3.64 -0.04 0.00 0.05
143 127 173 163 141 -8.83 -0.88 -3.98 -0.08 -0.04 0.02
144 128 173 163 141 -9.01 -0.73 -3.83 -0.13 -0.04 -0.01
141 127 172 162 139 -9.12 -0.93 -3.77 -0.09 -0.00 0.02
144 128 173 163 141 -9.03 -0.86 -3.93 -0.06 -0.01 0.04
144 127 173 163 141 -8.87 -0.86 -3.77 -0.08 -0.02 0.02
144 127 172 163 140 -8.95 -0.86 -3.82 -0.09 -0.02 0.03
144 128 173 163 141 -8.92 -0.82 -3.81 -0.08 -0.01 0.03
143 127 172 163 141 -8.99 -0.85 -3.81 -0.10 -0.01 0.01
144 127 173 163 141 -9.03 -0.89 -3.80 -0.12 -0.01 0.02
144 127 173 163 141 -9.03 -0.90 -3.89 -0.12 -0.01 0.01
144 127 172 163 141 -8.97 -0.89 -3.86 -0.12 0.00 0.00
144 128 173 163 141 -9.01 -0.87 -3.78 -0.09 -0.01 0.01
144 127 172 163 141 -9.00 -0.89 -3.68 -0.09 -0.02 0.02
144 127 173 163 141 -8.89 -0.80 -3.85 -0.09 -0.01 0.03
144 127 173 164 142 -8.90 -0.81 -3.81 -0.12 -0.03 -0.01
144 127 172 163 142 -9.08 -0.77 -3.77 -0.12 -0.02 0.01
144 128 173 163 142 -8.97 -0.84 -3.80 -0.11 -0.00 0.01
144 127 173 163 142 -8.90 -0.80 -3.86 -0.11 -0.03 0.01
144 128 172 163 141 -8.80 -0.73 -3.89 -0.09 -0.01 0.03
144 127 173 163 142 -8.94 -0.82 -3.83 -0.14 -0.02 0.01
144 127 173 163 142 -9.00 -0.89 -3.86 -0.14 -0.01 -0.01
144 127 172 163 142 -9.03 -0.85 -3.81 -0.09 -0.02 0.00
144 127 173 163 142 -9.03 -0.91 -3.81 -0.09 -0.01 0.02
144 127 173 163 142 -8.98 -0.81 -3.76 -0.07 -0.01 0.03
144 127 173 163 142 -8.95 -0.81 -3.78 -0.11 -0.03 0.03
144 127 173 163 142 -8.99 -0.85 -3.85 -0.11 -0.02 0.04
144 127 172 163 142 -9.09 -0.90 -3.83 -0.11 -0.00 0.02
144 127 172 164 142 -8.95 -0.79 -3.83 -0.11 -0.02 0.03
144 127 172 163 142 -9.05 -0.76 -3.84 -0.10 -0.01 0.02
144 127 173 163 142 -9.08 -0.79 -3.77 -0.10 -0.04 0.02
144 127 173 163 142 -8.99 -0.79 -3.81 -0.11 -0.01 0.01
144 127 172 163 142 -8.97 -0.80 -3.84 -0.13 -0.04 -0.01
144 127 173 163 143 -8.99 -0.86 -3.85 -0.11 -0.01 0.01
144 127 173 163 143 -8.94 -0.91 -3.79 -0.11 -0.02 0.01
144 127 172 163 142 -8.88 -0.82 -3.76 -0.10 -0.03 0.02
144 128 173 163 142 -9.07 -0.81 -3.85 -0.10 -0.02 0.02
144 127 173 163 142 -8.99 -0.78 -3.83 -0.10 0.00 0.02
144 127 173 164 143 -8.99 -0.77 -3.75 -0.10 -0.00 0.00
144 128 173 163 142 -9.03 -0.80 -3.76 -0.11 -0.02 -0.00
144 127 172 163 142 -9.02 -0.87 -3.76 -0.10 -0.02 0.02
144 127 172 163 143 -8.89 -0.87 -3.86 -0.10 -0.01 0.02
144 128 173 163 143 -8.91 -0.80 -3.74 -0.10 -0.02 0.02
144 127 172 163 142 -9.05 -0.80 -3.81 -0.11 -0.01 0.01
145 128 173 163 143 -8.95 -0.86 -3.85 -0.11 -0.00 0.02
144 127 172 163 143 -9.01 -0.87 -3.84 -0.10 -0.02 0.01
144 127 173 163 143 -9.04 -0.88 -3.77 -0.09 0.00 0.01
144 127 173 164 143 -8.99 -0.84 -3.83 -0.10 -0.01 0.02
144 127 172 163 142 -8.92 -0.89 -3.82 -0.10 -0.02 0.01
145 127 173 163 143 -8.96 -0.81 -3.80 -0.09 0.00 0.01
144 128 173 164 143 -8.97 -0.80 -3.84 -0.10 -0.01 0.02
144 127 172 164 143 -8.94 -0.84 -3.77 -0.11 -0.01 0.01
144 127 173 164 144 -8.99 -0.83 -3.79 -0.11 -0.03 0.01
144 127 172 163 143 -9.07 -0.85 -3.86 -0.10 -0.00 0.00
144 127 173 163 143 -9.02 -0.80 -3.85 -0.10 -0.02 0.03
144 127 173 164 143 -8.91 -0.85 -3.79 -0.10 -0.01 0.02
144 127 172 163 143 -8.96 -0.81 -3.72 -0.10 -0.03 0.02
144 127 173 163 143 -8.94 -0.84 -3.77 -0.11 -0.03 0.02
145 127 173 163 144 -8.94 -0.77 -3.83 -0.11 -0.01 0.01
144 127 172 163 143 -9.01 -0.84 -3.75 -0.13 -0.02 0.02
144 128 173 164 144 -9.00 -0.80 -3.79 -0.10 -0.02 0.00
144 127 172 163 143 -9.07 -0.84 -3.79 -0.10 -0.01 0.01
145 127 173 163 143 -9.00 -0.78 -3.78 -0.12 -0.03 0.01
144 128 173 164 144 -8.93 -0.83 -3.77 -0.12 -0.03 0.02
144 127 172 163 143 -9.00 -0.85 -3.87 -0.12 -0.02 0.00
145 128 173 164 144 -8.99 -0.84 -3.84 -0.08 -0.03 0.02
144 127 173 163 144 -8.96 -0.79 -3.73 -0.10 -0.01 0.02
144 127 173 164 144 -9.01 -0.80 -3.74 -0.09 0.01 0.02
144 128 173 164 144 -8.89 -0.83 -3.78 -0.11 -0.02 0.01
144 127 173 164 144 -8.99 -0.86 -3.73 -0.09 -0.01 0.00
144 127 173 163 144 -9.05 -0.82 -3.87 -0.08 -0.01 0.02
144 127 173 164 144 -8.91 -0.78 -3.82 -0.09 -0.01 0.02
144 127 172 163 144 -8.98 -0.78 -3.79 -0.10 -0.02 0.02
145 128 173 164 145 -8.95 -0.76 -3.77 -0.11 -0.01 0.02
145 127 173 163 144 -8.88 -0.80 -3.85 -0.12 -0.02 0.01
144 127 173 163 144 -8.98 -0.86 -3.89 -0.12 -0.03 0.01
145 128 173 164 145 -9.06 -0.88 -3.85 -0.10 -0.01 0.02
144 127 173 163 144 -9.05 -0.87 -3.80 -0.09 -0.02 0.01
144 128 173 163 145 -9.03 -0.80 -3.86 -0.10 -0.02 0.01
144 127 173 164 145 -8.93 -0.79 -3.75 -0.09 -0.03 0.01
144 127 172 163 145 -8.94 -0.77 -3.75 -0.11 -0.04 0.01
144 127 173 164 145 -9.03 -0.77 -3.79 -0.10 -0.02 0.02
144 127 173 163 145 -9.01 -0.82 -3.86 -0.09 -0.01 0.02
144 127 172 163 145 -8.97 -0.85 -3.85 -0.09 -0.01 0.02
144 128 173 164 146 -8.96 -0.79 -3.85 -0.09 -0.02 0.02
144 127 173 163 145 -9.00 -0.79 -3.83 -0.11 -0.03 0.02
144 127 173 164 146 -8.98 -0.88 -3.82 -0.10 -0.02 0.02
144 128 173 163 146 -8.94 -0.79 -3.75 -0.10 -0.01 0.01
144 127 172 163 146 -9.00 -0.76 -3.72 -0.10 -0.02 0.01
144 128 173 164 146 -8.99 -0.83 -3.87 -0.09 0.00 0.02
144 128 172 163 146 -9.00 -0.89 -3.85 -0.08 -0.01 0.02
144 128 173 163 146 -9.04 -0.82 -3.77 -0.08 -0.01 0.01
144 128 173 163 146 -8.99 -0.76 -3.72 -0.10 -0.03 0.01
144 127 173 163 145 -8.99 -0.87 -3.77 -0.11 -0.02 0.00
144 127 173 164 146 -8.93 -0.82 -3.77 -0.10 -0.01 0.01
144 128 173 163 146 -9.01 -0.79 -3.73 -0.09 -0.00 0.02
144 127 173 163 146 -8.97 -0.82 -3.82 -0.12 -0.01 0.02
145 128 173 164 146 -8.96 -0.86 -3.81 -0.11 -0.02 0.01
144 127 173 163 146 -9.04 -0.81 -3.89 -0.09 -0.01 0.01
144 127 173 163 146 -8.91 -0.79 -3.78 -0.10 -0.01 0.02
145 127 173 163 147 -9.00 -0.84 -3.76 -0.11 -0.02 0.01
144 127 173 163 146 -8.96 -0.82 -3.68 -0.11 -0.01 0.01
144 128 173 163 147 -8.96 -0.84 -3.85 -0.11 -0.01 0.02
144 128 173 164 147 -9.02 -0.84 -3.86 -0.12 -0.02 0.02
144 127 172 163 146 -8.98 -0.91 -3.81 -0.11 -0.01 0.02
144 128 173 164 147 -9.03 -0.85 -3.86 -0.10 -0.02 0.01
144 127 172 163 147 -9.01 -0.80 -3.76 -0.09 -0.01 0.02
144 127 173 163 147 -8.99 -0.82 -3.78 -0.10 -0.02 0.02
144 128 173 164 147 -8.94 -0.75 -3.83 -0.09 -0.02 0.02
144 128 172 163 147 -9.11 -0.80 -3.80 -0.11 -0.01 0.02
145 127 172 164 148 -9.00 -0.88 -3.89 -0.11 -0.01 0.02
144 128 173 163 148 -9.00 -0.80 -3.81 -0.09 -0.01 0.02
144 127 173 163 147 -8.96 -0.86 -3.90 -0.11 -0.01 0.01
144 128 173 164 148 -8.97 -0.79 -3.83 -0.11 -0.00 0.01
144 127 173 164 148 -9.00 -0.81 -3.87 -0.11 -0.02 0.01
144 127 173 163 148 -8.96 -0.89 -3.75 -0.12 -0.02 0.01
145 128 173 164 149 -8.91 -0.81 -3.76 -0.11 -0.03 -0.00
144 127 172 163 148 -8.96 -0.86 -3.76 -0.09 -0.02 0.02
145 127 173 164 149 -8.96 -0.82 -3.69 -0.10 -0.01 0.01
144 128 173 164 149 -8.93 -0.86 -3.92 -0.17 -0.11 -0.02
144 127 172 163 148 -9.01 -0.80 -3.85 -0.11 0.02 0.02
145 127 173 164 149 -8.80 -0.75 -3.69 -0.10 -0.03 0.01
144 127 173 163 149 -8.97 -0.78 -3.64 -0.09 -0.02 0.04
144 127 173 163 149 -9.04 -0.84 -3.85 -0.13 -0.04 -0.01
145 127 173 163 149 -9.01 -0.82 -3.70 -0.11 -0.00 0.01
144 127 173 163 149 -8.93 -0.82 -3.64 -0.07 -0.00 0.03
145 128 173 163 149 -8.83 -0.84 -3.78 -0.10 -0.00 -0.00
145 127 173 164 150 -8.96 -0.85 -3.82 -0.12 -0.02 0.00
144 127 173 163 149 -8.95 -0.89 -3.77 -0.10 -0.02 0.02
145 128 173 164 150 -8.94 -0.85 -3.76 -0.10 -0.02 0.02
145 128 173 163 150 -8.91 -0.87 -3.88 -0.12 -0.03 -0.00
144 127 172 163 150 -8.74 -0.89 -3.57 -0.13 0.00 -0.01
145 128 173 164 150 -9.03 -0.90 -3.78 -0.08 0.01 0.02
144 127 173 164 150 -8.79 -0.85 -3.67 -0.09 -0.06 -0.01
145 128 173 163 150 -8.94 -0.85 -3.83 -0.09 -0.00 0.03
145 128 173 164 151 -8.93 -0.79 -3.74 -0.10 -0.00 0.02
144 127 172 163 151 -9.05 -0.88 -3.81 -0.15 -0.03 -0.01
145 128 173 164 151 -9.03 -0.90 -3.68 -0.08 -0.01 0.03
144 127 172 163 151 -9.03 -0.85 -3.80 -0.12 -0.02 0.00
144 127 173 164 151 -9.05 -0.87 -3.89 -0.10 -0.01 0.01
145 128 173 164 151 -8.95 -1.02 -3.87 -0.11 -0.02 0.03
145 127 172 163 151 -9.07 -0.91 -3.92 -0.13 -0.01 0.00
145 127 173 164 151 -8.99 -0.95 -3.95 -0.16 -0.04 -0.01
145 127 173 164 151 -8.99 -0.88 -3.74 -0.10 -0.02 0.00
145 127 172 163 151 -8.95 -0.81 -3.73 -0.11 -0.03 0.01
145 128 173 164 151 -9.04 -0.88 -3.76 -0.09 -0.00 0.01
145 127 172 164 151 -8.97 -0.86 -3.78 -0.09 0.00 0.01
145 127 173 164 151 -8.98 -0.86 -3.82 -0.11 0.00 0.00
145 128 173 164 152 -8.91 -0.93 -3.78 -0.10 -0.02 0.00
144 127 172 164 151 -9.00 -0.85 -3.72 -0.10 -0.03 0.01
145 127 173 164 151 -8.87 -0.83 -3.74 -0.10 -0.01 0.02
