155 119 160 183 138 -8.05 1.42 -6.17 -0.13 0.05 -0.02
156 114 160 184 133 -7.91 1.34 -5.87 -0.17 -0.07 0.00
157 115 159 184 133 -7.93 1.46 -6.10 -0.18 -0.02 0.01
157 125 160 183 132 -8.35 1.17 -6.20 -0.26 0.09 0.00
157 116 159 184 129 -8.07 1.15 -6.07 -0.13 0.02 0.02
156 115 161 183 132 -7.92 1.41 -6.61 -0.10 0.10 -0.01
158 123 160 184 129 -8.04 1.36 -6.09 -0.07 0.20 -0.01
159 110 160 184 133 -8.01 1.60 -6.08 -0.09 0.01 -0.07
156 117 160 185 134 -8.40 1.57 -5.36 -0.08 -0.15 0.09
156 121 158 184 141 -7.86 1.13 -5.82 -0.04 -0.03 0.01
156 110 161 185 142 -8.11 1.35 -6.04 -0.12 -0.03 0.02
156 120 160 184 143 -7.90 1.44 -6.03 -0.12 -0.02 0.04
155 119 160 184 143 -8.05 1.37 -5.59 -0.11 -0.02 0.06
156 110 160 183 141 -7.91 1.58 -5.99 -0.11 -0.01 0.03
158 121 160 185 142 -8.09 1.49 -5.95 -0.09 0.03 0.08
157 118 160 184 143 -8.14 1.35 -6.04 -0.14 0.04 -0.01
158 112 161 184 143 -8.14 1.41 -5.81 -0.13 0.01 0.02
157 121 159 184 144 -8.10 1.48 -6.15 -0.09 -0.01 0.05
155 115 160 184 141 -7.79 1.47 -5.76 -0.07 -0.02 0.06
158 115 159 184 144 -7.89 1.50 -5.79 -0.08 -0.03 0.03
156 123 160 184 142 -7.98 1.68 -5.84 -0.14 -0.18 0.08
157 111 162 185 142 -8.05 1.50 -5.71 -0.11 0.00 0.01
157 115 160 183 142 -7.92 1.46 -5.91 -0.11 -0.00 -0.02
158 124 159 184 141 -8.02 1.54 -5.73 -0.11 -0.00 0.03
157 110 162 183 143 -7.85 1.61 -5.81 -0.12 -0.02 0.03
156 118 160 184 144 -8.01 1.67 -5.81 -0.11 0.02 0.01
158 122 161 183 144 -8.00 1.62 -5.67 -0.10 -0.01 0.06
155 111 160 184 143 -8.04 1.52 -5.86 -0.11 0.01 0.01
157 119 162 184 142 -7.95 1.56 -5.77 -0.07 0.03 -0.01
155 121 160 184 143 -7.92 1.60 -5.70 -0.09 -0.04 -0.01
157 109 160 184 142 -8.05 1.66 -5.81 -0.09 -0.05 0.00
156 119 161 184 142 -7.80 1.67 -5.65 -0.10 -0.06 -0.01
158 121 159 185 143 -7.79 1.62 -5.73 -0.11 -0.05 -0.01
158 114 161 184 143 -7.94 1.57 -5.69 -0.12 -0.04 0.04
154 123 161 183 143 -8.08 1.58 -5.87 -0.11 0.01 0.03
156 115 160 184 143 -7.99 1.64 -5.80 -0.11 0.00 0.00
155 116 161 184 145 -7.91 1.65 -5.77 -0.04 0.02 -0.01
157 122 161 184 142 -8.10 1.52 -6.27 -0.10 -0.02 0.02
156 114 161 183 143 -8.04 1.40 -5.96 -0.07 0.03 -0.01
156 114 162 183 142 -7.96 1.47 -5.80 -0.07 -0.01 -0.02
155 125 161 183 143 -7.96 1.59 -5.93 -0.09 -0.02 0.01
157 112 160 183 142 -8.09 1.56 -5.96 -0.14 -0.00 -0.00
156 117 159 184 141 -7.98 1.49 -6.04 -0.13 0.01 0.00
156 123 158 184 142 -8.12 1.44 -5.97 -0.13 0.03 0.00
157 112 160 184 141 -8.04 1.52 -5.95 -0.11 0.01 0.04
157 117 161 184 145 -8.17 1.46 -5.93 -0.13 0.01 0.04
156 120 160 183 142 -8.04 1.54 -5.89 -0.10 0.01 0.04
159 112 160 184 142 -8.03 1.52 -5.88 -0.11 -0.00 0.00
157 118 161 184 144 -8.07 1.54 -6.02 -0.12 -0.00 0.02
156 118 161 181 143 -7.88 1.47 -5.84 -0.11 -0.02 0.01
157 113 160 185 142 -7.98 1.48 -5.84 -0.10 0.01 0.01
157 120 160 184 142 -8.06 1.55 -5.79 -0.12 -0.01 0.03
154 116 160 184 142 -8.17 1.49 -6.11 -0.12 -0.01 0.03
157 113 161 186 142 -7.98 1.45 -5.86 -0.11 0.01 0.02
156 123 159 186 144 -7.86 1.59 -5.90 -0.06 0.03 0.01
157 111 160 184 142 -7.86 1.59 -5.63 -0.10 -0.01 0.00
156 114 160 183 143 -8.05 1.51 -5.89 -0.11 0.00 0.01
157 124 161 184 144 -7.86 1.53 -6.04 -0.12 -0.04 0.03
157 111 160 184 140 -7.89 1.46 -5.86 -0.14 -0.03 -0.01
159 115 161 184 143 -7.84 1.47 -5.87 -0.09 -0.02 0.02
158 122 162 184 142 -7.85 1.53 -5.88 -0.10 -0.03 0.02
157 108 160 185 143 -7.97 1.58 -6.07 -0.09 -0.00 0.03
156 116 160 184 143 -7.78 1.47 -5.78 -0.16 -0.06 0.02
158 119 161 182 144 -7.92 1.51 -6.12 -0.17 -0.07 -0.05
157 111 161 183 144 -8.18 1.35 -6.06 -0.13 -0.01 -0.04
155 120 162 184 142 -7.92 1.38 -5.74 -0.15 -0.05 -0.01
155 117 159 185 142 -7.78 1.54 -5.74 -0.13 -0.02 -0.04
157 112 160 185 143 -7.68 1.48 -5.32 -0.15 -0.14 -0.00
158 121 161 184 142 -8.05 1.58 -5.54 -0.07 -0.12 0.14
155 116 160 185 142 -7.81 1.70 -5.69 -0.08 -0.10 0.12
156 115 160 185 142 -7.74 1.70 -5.61 -0.09 0.11 0.04
155 123 160 183 143 -8.02 1.56 -6.06 -0.04 0.01 -0.01
156 111 161 185 143 -7.90 1.52 -6.13 -0.08 0.02 0.03
156 112 161 184 143 -8.03 1.44 -6.10 -0.10 -0.01 -0.01
157 124 160 184 143 -8.12 1.35 -6.20 -0.11 0.22 -0.12
156 111 161 183 143 -8.36 1.26 -5.89 -0.14 -0.15 0.01
159 115 161 185 142 -8.03 1.44 -5.86 -0.06 0.17 -0.03
158 119 160 183 144 -8.16 1.42 -5.83 -0.10 -0.09 0.09
155 109 162 182 142 -8.08 1.38 -5.93 -0.14 0.05 0.05
158 118 161 184 144 -7.90 1.46 -5.92 -0.10 0.01 0.05
157 117 161 185 144 -8.19 1.46 -6.03 -0.06 0.07 0.02
158 111 163 185 143 -8.14 1.51 -6.16 -0.07 -0.02 0.03
157 121 162 184 142 -8.05 1.50 -5.70 -0.07 -0.06 0.05
156 117 161 184 142 -7.89 1.41 -5.55 -0.06 -0.05 0.05
158 113 159 183 145 -8.00 1.50 -5.77 -0.08 -0.06 0.02
157 121 160 186 142 -7.91 1.50 -5.68 -0.10 -0.03 0.01
156 113 162 185 143 -8.04 1.46 -5.58 -0.11 -0.05 0.05
157 115 163 183 144 -7.94 1.49 -5.78 -0.12 -0.02 0.04
157 124 159 184 144 -8.17 1.45 -5.94 -0.14 -0.03 -0.01
157 109 161 183 144 -7.92 1.40 -5.75 -0.10 -0.02 0.02
157 113 162 185 145 -7.89 1.47 -5.81 -0.09 -0.06 0.05
158 123 161 184 144 -7.84 1.41 -5.79 -0.10 -0.04 0.02
156 109 160 183 144 -8.02 1.53 -5.77 -0.06 -0.02 0.01
158 115 159 184 145 -7.81 1.74 -5.57 -0.04 -0.05 0.03
157 119 160 185 145 -7.97 1.51 -5.77 -0.09 -0.03 0.02
157 105 161 184 145 -7.81 1.49 -5.87 -0.09 0.03 -0.02
157 120 161 184 145 -8.33 1.48 -5.71 -0.12 0.04 0.01
157 117 141 184 143 -8.14 1.38 -5.89 -0.09 0.00 0.05
158 110 161 183 142 -7.92 1.39 -5.72 -0.09 -0.02 0.02
156 121 160 184 144 -8.13 1.40 -5.83 -0.08 0.01 0.04
158 116 160 186 142 -8.12 1.62 -5.88 -0.08 -0.02 0.03
156 113 163 184 144 -7.97 1.55 -5.84 -0.15 -0.02 0.05
157 123 160 183 144 -8.06 1.56 -5.75 -0.15 0.03 0.12