200 148 191 240 209 -5.68 -2.16 6.81 -0.08 -0.01 0.03
197 149 192 241 208 -5.69 -2.22 6.67 -0.12 0.01 0.02
199 148 191 241 210 -5.80 -2.23 6.54 -0.12 0.03 0.03
199 147 191 242 209 -5.83 -2.36 6.47 -0.11 0.03 0.03
199 148 190 241 208 -5.95 -2.37 6.59 -0.10 0.00 0.03
199 148 192 241 208 -5.86 -2.34 6.68 -0.08 -0.05 0.01
197 148 191 242 208 -5.97 -2.33 6.62 -0.10 0.00 -0.00
199 148 189 240 207 -5.75 -2.26 6.61 -0.11 -0.01 0.02
199 148 192 242 208 -5.85 -2.30 6.60 -0.11 -0.00 0.02
198 148 191 241 209 -5.73 -2.26 6.75 -0.11 -0.02 0.02
197 148 191 242 208 -5.95 -2.39 6.53 -0.12 0.02 -0.01
200 149 192 241 209 -5.93 -2.41 6.56 -0.08 -0.09 0.01
198 148 191 239 208 -5.66 -2.27 6.67 -0.09 -0.05 0.02
199 148 191 242 208 -5.73 -2.25 6.51 -0.15 0.00 -0.01
198 148 191 240 208 -5.96 -2.25 6.49 -0.11 0.03 0.04
198 148 189 241 208 -5.89 -2.31 6.69 -0.17 -0.05 0.08
200 151 193 241 208 -5.69 -2.26 6.68 -0.09 0.04 0.06
199 149 191 241 207 -5.85 -2.24 6.59 -0.12 -0.09 0.02
198 149 192 241 208 -5.80 -2.31 6.60 -0.14 0.00 0.00
199 148 191 243 207 -5.91 -2.33 6.70 -0.10 -0.00 0.00
198 148 191 241 208 -5.97 -2.29 6.64 -0.09 0.01 0.01
199 150 192 240 208 -6.04 -2.34 6.53 -0.11 -0.06 0.02
199 149 192 241 209 -5.70 -2.28 6.59 -0.13 -0.02 0.01
199 148 192 241 209 -5.92 -2.23 6.51 -0.12 -0.02 0.05
199 148 191 242 208 -5.76 -2.23 6.71 -0.16 -0.02 0.03
198 148 192 242 207 -5.89 -2.26 6.61 -0.11 -0.00 0.03
199 148 190 242 208 -5.91 -2.32 6.58 -0.10 0.02 0.03
199 149 192 241 209 -5.81 -2.30 6.48 -0.11 -0.06 0.03
199 148 191 241 207 -5.74 -2.33 6.67 -0.16 0.06 0.00
199 149 190 241 207 -5.86 -2.38 6.60 -0.14 -0.06 -0.04
199 148 191 241 209 -5.68 -2.16 6.67 -0.19 -0.09 -0.05
199 148 191 240 207 -5.65 -2.51 6.65 -0.03 -0.03 0.08
200 149 191 241 207 -5.77 -2.15 6.22 -0.11 -0.04 -0.06
200 147 175 242 207 -5.79 -2.42 7.07 -0.08 0.02 0.04
197 149 176 241 207 -5.75 -2.42 6.87 -0.05 0.00 0.02
198 149 189 240 209 -5.77 -2.36 6.54 -0.06 -0.09 0.02
200 149 191 242 209 -6.02 -2.36 6.86 -0.15 0.00 -0.02
198 148 190 241 207 -5.55 -2.07 6.77 -0.08 -0.10 0.01
199 150 192 240 210 -5.73 -2.15 6.76 -0.12 -0.10 0.04
199 147 190 241 209 -5.44 -2.02 6.70 -0.05 -0.02 0.06
199 148 191 242 208 -5.76 -2.01 6.69 -0.16 -0.08 0.03
200 149 190 242 208 -5.46 -2.03 7.09 -0.11 -0.02 0.05
199 149 191 241 208 -4.99 -2.04 7.37 0.08 -0.48 -0.00
199 149 191 241 208 -4.53 -1.86 7.22 -0.33 -0.37 -0.14
199 149 192 241 210 -3.82 -1.73 7.95 -0.38 0.04 0.23
197 149 191 241 208 -4.83 -1.90 8.38 0.03 0.15 -0.01
200 148 191 242 208 -8.01 -3.94 10.99 -0.13 -1.56 -0.26
199 148 188 241 208 -5.40 -2.19 6.91 -0.14 0.02 0.01
200 146 188 241 207 -5.33 -2.12 7.45 -0.07 0.02 0.04
198 148 187 241 208 -5.24 -2.13 7.18 -0.07 0.02 0.07
199 149 186 241 209 -5.36 -2.19 7.14 -0.07 -0.07 0.01
199 149 183 242 209 -6.28 -2.29 6.86 0.23 -0.43 0.09
199 149 184 241 208 -4.30 -1.62 7.91 -0.11 -0.34 0.01
198 146 189 241 208 -3.54 -1.47 8.67 0.36 -2.46 0.11
199 148 191 242 208 -1.95 -0.87 8.30 -0.16 -0.21 -0.06
198 148 189 242 208 -1.57 -0.90 8.93 -0.23 -0.17 -0.02
199 147 190 241 207 -2.03 -1.64 8.77 -0.28 -0.01 -0.04
195 149 192 241 209 -1.90 -1.60 8.82 -0.02 0.08 -0.00
196 147 190 241 208 -2.13 -1.71 8.92 -0.22 0.01 -0.06
196 148 191 240 208 -2.04 -1.36 8.87 -0.06 -0.01 0.07
194 148 191 242 209 -2.10 -1.87 9.02 -0.22 -0.05 0.02
197 149 191 241 208 -2.73 -1.50 9.26 -0.40 0.64 0.04
197 148 190 241 207 -3.06 -2.26 8.93 -0.65 1.71 -0.08
198 149 192 241 208 -4.22 -1.89 8.20 -0.16 0.49 0.07
197 148 191 240 207 -4.17 -1.77 7.82 -0.06 0.04 -0.00
198 146 175 242 208 -4.37 -1.83 8.12 -0.03 0.09 0.01
197 148 190 241 207 -4.13 -1.58 7.70 -0.02 0.02 0.02
196 147 190 239 206 -4.35 -1.41 7.69 -0.08 -0.09 0.02
197 149 189 241 208 -4.33 -1.58 7.77 -0.11 0.11 0.02
198 147 191 240 208 -4.73 -1.68 7.85 -0.16 0.08 -0.01
197 146 189 239 207 -4.60 -1.78 7.69 -0.11 0.01 0.01
197 147 188 241 208 -4.73 -1.57 7.47 -0.20 0.09 -0.05
196 147 188 240 207 -5.09 -1.93 7.56 -0.13 -0.06 0.11
196 151 189 240 207 -4.47 -1.42 8.11 -0.09 -0.18 0.06
196 147 191 241 207 -4.46 -1.72 7.80 -0.14 -0.04 -0.01
197 146 191 240 207 -4.40 -1.72 7.80 -0.12 0.12 0.00
195 147 191 241 207 -4.62 -1.62 7.50 -0.15 0.05 -0.02
198 148 191 241 207 -4.66 -1.65 7.74 -0.12 0.04 -0.05
197 146 189 238 206 -4.78 -1.85 7.56 -0.11 0.06 -0.01
197 147 192 241 208 -4.60 -1.72 7.70 -0.15 -0.05 0.00
196 147 191 241 208 -4.69 -1.79 7.77 -0.06 -0.01 -0.00
196 147 190 240 206 -4.69 -1.87 7.55 -0.12 -0.05 -0.01
197 149 184 241 207 -4.71 -1.74 7.43 -0.15 0.04 -0.01
195 147 183 241 206 -4.71 -1.79 7.56 -0.14 -0.02 0.01
196 148 184 242 208 -4.53 -1.89 7.73 -0.14 -0.01 0.00
198 146 184 241 206 -4.65 -1.81 7.41 -0.09 -0.03 -0.03
196 148 182 240 206 -4.71 -1.75 7.53 -0.13 -0.02 -0.04
196 149 187 240 207 -4.73 -1.83 7.58 -0.09 0.01 0.01
197 148 188 240 206 -4.78 -1.80 7.52 -0.12 -0.01 0.03
196 147 187 241 207 -4.78 -1.88 7.57 -0.10 0.01 0.01
197 148 187 241 207 -4.62 -1.96 7.56 -0.09 -0.03 0.04
196 148 187 240 207 -4.75 -1.98 7.49 -0.09 -0.03 0.02
194 147 187 241 207 -4.73 -1.96 7.69 -0.14 0.05 0.02
197 148 187 240 208 -4.87 -2.01 7.41 -0.07 -0.05 0.02
195 147 185 240 207 -4.56 -1.89 7.56 -0.08 -0.05 -0.01
196 147 186 240 207 -4.51 -1.83 7.58 -0.08 0.02 0.03
197 148 187 240 208 -4.76 -2.02 7.59 -0.12 0.01 0.01
197 148 187 241 208 -4.66 -1.87 7.55 -0.09 0.01 0.01
198 148 185 239 208 -4.75 -1.85 7.55 -0.13 -0.01 0.00
197 148 182 241 207 -4.91 -1.88 7.49 -0.08 -0.01 0.02
197 146 184 241 207 -4.54 -1.87 7.45 -0.11 0.01 0.03
196 146 184 240 207 -4.75 -1.99 7.51 -0.14 0.00 0.02
197 148 184 238 208 -4.86 -1.97 7.55 -0.08 -0.05 -0.00
196 148 187 239 207 -4.79 -1.95 7.47 -0.10 0.00 -0.01
196 148 186 240 207 -4.70 -1.86 7.48 -0.12 -0.04 0.00
196 146 187 240 207 -4.70 -1.89 7.64 -0.08 -0.04 0.03
198 147 186 240 209 -4.70 -1.89 7.56 -0.13 0.02 0.01
198 148 187 240 208 -4.78 -1.92 7.45 -0.11 -0.02 0.04
198 148 187 240 207 -4.83 -1.95 7.45 -0.13 0.04 0.02
196 147 186 242 209 -4.95 -2.01 7.56 -0.10 -0.03 0.03
196 147 188 241 207 -4.84 -2.00 7.40 -0.10 -0.02 0.00
196 147 186 241 207 -4.88 -2.01 7.55 -0.11 -0.04 -0.01
196 147 186 240 207 -4.74 -1.84 7.47 -0.11 -0.08 -0.01
197 147 187 239 207 -4.56 -1.85 7.57 -0.09 -0.02 0.01
196 148 186 239 208 -4.73 -1.87 7.52 -0.10 -0.00 0.03
196 147 192 240 207 -4.83 -1.99 7.49 -0.11 -0.03 0.02
196 148 190 241 206 -4.64 -1.91 7.54 -0.11 -0.03 0.05
196 148 190 240 207 -4.79 -1.87 7.35 -0.11 0.06 0.04
195 149 189 240 207 -4.86 -1.97 7.55 -0.11 0.01 0.04
196 147 190 240 205 -4.95 -2.00 7.55 -0.09 0.00 0.03
197 147 190 239 207 -4.75 -1.90 7.40 -0.09 -0.04 0.01
197 148 190 241 207 -4.77 -1.97 7.45 -0.12 -0.01 0.01
196 147 189 239 208 -4.79 -1.95 7.54 -0.15 0.03 0.01
195 147 193 240 207 -4.82 -1.92 7.36 -0.06 0.02 0.02
196 148 190 241 208 -4.92 -2.02 7.50 -0.09 -0.01 0.01
196 148 192 240 209 -4.85 -1.98 7.49 -0.10 -0.02 0.01
195 147 192 240 207 -4.80 -1.92 7.45 -0.07 -0.03 0.01
195 146 190 241 207 -4.82 -1.97 7.43 -0.11 -0.06 0.01
196 147 190 239 207 -4.81 -1.98 7.54 -0.11 0.03 0.02
197 148 191 241 208 -5.01 -2.06 7.44 -0.09 -0.01 0.01
196 146 191 238 208 -4.87 -2.00 7.32 -0.11 -0.05 0.01
197 147 191 241 208 -4.82 -1.96 7.56 -0.12 0.01 0.01
196 148 190 241 208 -4.92 -1.88 7.46 -0.10 0.01 0.01
196 146 190 240 208 -4.80 -1.92 7.39 -0.08 -0.06 0.01
196 148 191 242 208 -4.77 -1.91 7.42 -0.14 0.02 -0.00
194 147 189 240 208 -4.94 -2.01 7.44 -0.11 -0.01 0.01
195 146 189 241 207 -4.76 -1.92 7.39 -0.13 -0.01 0.01
196 147 191 241 207 -4.84 -2.01 7.28 -0.12 0.06 0.01
197 146 189 241 208 -4.87 -2.00 7.42 -0.10 0.02 0.01
196 147 191 240 207 -5.08 -2.07 7.28 -0.10 0.02 0.01
197 148 192 241 207 -4.98 -1.99 7.44 -0.05 -0.06 0.06
197 148 190 240 206 -4.93 -2.04 7.42 -0.11 -0.01 0.01